cam0:
  T_cam_imu:
  - - -0.7041779486953691
    - -0.7100110594919387
    - -0.004208559173476789
    - -0.0011183416498947892
  - - -0.0010584822012675854
    - 0.006977094423467375
    - -0.999975099574402
    - 0.06460249571830015
  - - 0.7100227434291182
    - -0.7041559596797718
    - -0.005664650108146443
    - -0.11599080344604257
  - - 0.0
    - 0.0
    - 0.0
    - 1.0
  cam_overlaps: []
  camera_model: omni
  distortion_coeffs:
  - 0.9134973609861589
  - -1.9271696465961439
  - 0.00029033383597024993
  - -0.004363536467751799
  distortion_model: radtan
  intrinsics:
  - 2.0785214466937925
  - 777.0675361330523
  - 778.4060731754896
  - 672.7357642008494
  - 365.90701892669443
  resolution:
  - 1280
  - 720
  rostopic: CAM_A
cam1:
  T_cam_imu:
  - - -0.7189700566656039
    - 0.6950295488123623
    - -0.003997986485893057
    - 0.009778547185203901
  - - 0.007592681845626725
    - 0.002102138662226513
    - -0.999968965616151
    - 0.059530351646375636
  - - -0.6949995746765953
    - -0.7189780993123003
    - -0.006788512990541798
    - -0.09789029727131013
  - - 0.0
    - 0.0
    - 0.0
    - 1.0
  T_cn_cnm1:
  - - 0.019731454118973757
    - 0.007144420920287529
    - -0.9997797892376382
    - -0.10010636352693922
  - - -0.00043994875258316106
    - 0.9999744335897769
    - 0.007137129107106931
    - 0.0007639778770541217
  - - 0.9998052191119217
    - 0.00029902593561488295
    - 0.019734092835595407
    - -0.09887281972298005
  - - 0.0
    - 0.0
    - 0.0
    - 1.0
  cam_overlaps: []
  camera_model: omni
  distortion_coeffs:
  - 0.8078090382046873
  - -1.7380922633459466
  - -0.004248889982992787
  - 0.0007009382970433694
  distortion_model: radtan
  intrinsics:
  - 1.9528692494130933
  - 739.6928232187415
  - 741.7058565923292
  - 660.567908192878
  - 365.9317088097034
  resolution:
  - 1280
  - 720
  rostopic: CAM_B
cam2:
  T_cam_imu:
  - - 0.7044837836259554
    - 0.7097055034272051
    - -0.004549397014453949
    - -0.005980934177815307
  - - -0.011452278804148175
    - 0.004958256551060469
    - -0.9999221274690173
    - 0.06419088294658251
  - - -0.7096276797858505
    - 0.7044810246536886
    - 0.011620756629366069
    - -0.09754589268174896
  - - 0.0
    - 0.0
    - 0.0
    - 1.0
  T_cn_cnm1:
  - - -0.010830090935623982
    - 0.0114486041052146
    - -0.9998758115858067
    - -0.09948673421128613
  - - 0.016485729327691434
    - 0.9998005932881238
    - 0.011269178730391212
    - -0.0007628402590103807
  - - 0.9998054460038052
    - -0.01636163576068941
    - -0.01101666993125966
    - -0.0993203236026485
  - - 0.0
    - 0.0
    - 0.0
    - 1.0
  cam_overlaps: []
  camera_model: omni
  distortion_coeffs:
  - 0.44060658691511173
  - -0.9892519972122837
  - -0.006195196128490864
  - -0.004374803679671656
  distortion_model: radtan
  intrinsics:
  - 1.628835344265173
  - 658.1198203657542
  - 659.7778279280126
  - 621.5330413439408
  - 370.08811606704813
  resolution:
  - 1280
  - 720
  rostopic: CAM_C
cam3:
  T_cam_imu:
  - - 0.7113389419024622
    - -0.7028491356844577
    - -4.69115849560664e-05
    - -0.007797585877785995
  - - 0.01072374404907217
    - 0.010920014617145646
    - -0.9998828704374988
    - 0.05080483436312058
  - - 0.7027673235478838
    - 0.7112551200155769
    - 0.015305005879511557
    - -0.11259185708612816
  - - 0.0
    - 0.0
    - 0.0
    - 1.0
  T_cn_cnm1:
  - - 0.006712702223980849
    - -0.00908876396105528
    - -0.9999361649618014
    - -0.09798864382305192
  - - 0.02133701484921159
    - 0.999732335432121
    - -0.008943673113660525
    - -0.0027162991556796165
  - - 0.999749804414174
    - -0.021275616585652996
    - 0.006904832563038699
    - -0.10187569369885194
  - - 0.0
    - 0.0
    - 0.0
    - 1.0
  cam_overlaps: []
  camera_model: omni
  distortion_coeffs:
  - 0.7946931721093247
  - -1.7393568647814714
  - -0.0046678990464252
  - -0.007539601051674167
  distortion_model: radtan
  intrinsics:
  - 1.9450973522072128
  - 741.6979339260795
  - 743.217887536742
  - 667.4843788520317
  - 324.3051731574251
  resolution:
  - 1280
  - 720
  rostopic: CAM_D
