cam0:
  cam_overlaps: [1]
  camera_model: pinhole
  distortion_coeffs: [0.020504276821079626, -0.0035973489046070583, 0.04824182769023291, -0.029806366770406136]
  distortion_model: radtan
  intrinsics: [131.33255968880218, 131.19371231932726, 141.7719567492575, 142.14630430842445]
  resolution: [320, 240]
  rostopic: /cam_0_1/compressed
cam1:
  T_cn_cnm1:
  - [0.9951099173583473, -0.052932493735577284, -0.08339306615052784, -0.1956901119589763]
  - [0.0527054262303221, 0.9985979656015231, -0.004923529462622382, 0.012028919186991829]
  - [0.08353676089562796, 0.000504185900544532, 0.9965045686677179, -0.006243231753397158]
  - [0.0, 0.0, 0.0, 1.0]
  cam_overlaps: [0]
  camera_model: pinhole
  distortion_coeffs: [0.001006198016903483, -0.004041576527865785, 0.002131022098642899, 0.05368839338243299]
  distortion_model: radtan
  intrinsics: [129.8330944878591, 135.794078216427, 177.78409675671017, 119.21321594163014]
  resolution: [320, 240]
  rostopic: /cam_1_0/compressed
