cam0:
  cam_overlaps: [1]
  camera_model: pinhole
  distortion_coeffs: [0.005370035460314527, 0.0019455032672013434, -0.001825727735342129, 0.04147758497537033]
  distortion_model: radtan
  intrinsics: [130.4860309551363, 123.20285698835106, 174.6322160336628, 121.16631142033081]
  resolution: [320, 240]
  rostopic: /cam_1_1/compressed
cam1:
  T_cn_cnm1:
  - [0.9877421621969168, -0.006722607421829119, -0.1559494391397863, -0.1696269962217038]
  - [0.006085916223417238, 0.9999710845428503, -0.0045597918723993955, -0.005199869053320177]
  - [0.15597558348114451, 0.0035548034615180578, 0.9877545144063219, -0.0046652784977836296]
  - [0.0, 0.0, 0.0, 1.0]
  cam_overlaps: [0]
  camera_model: pinhole
  distortion_coeffs: [-0.01007781584084347, 0.028061525170384585, 0.013296146815427344, -0.03532459644964516]
  distortion_model: radtan
  intrinsics: [130.65471669314834, 121.91072148999609, 160.86328454852148, 128.40297494128927]
  resolution: [320, 240]
  rostopic: /cam_2_0/compressed
