cam0:
  cam_overlaps: [1]
  camera_model: pinhole
  distortion_coeffs: [0.001084433758867837, -0.0036223130575475573, -0.03801093594575899, -0.034652430992021095]
  distortion_model: radtan
  intrinsics: [132.27323754802555, 133.7752996921479, 144.5424868239773, 103.51321357292899]
  resolution: [320, 240]
  rostopic: /cam_3_1/compressed
cam1:
  T_cn_cnm1:
  - [0.9878075191259019, -0.0116893835446704, -0.15524066307085915, -0.18996963079551704]
  - [0.016231134038695617, 0.9994755521885887, 0.02802090050546042, -0.02118018615171851]
  - [0.154831700391594, -0.03019898822253164, 0.9874791975855424, 0.006627815663767225]
  - [0.0, 0.0, 0.0, 1.0]
  cam_overlaps: [0]
  camera_model: pinhole
  distortion_coeffs: [0.028995521204110884, -0.008249613364943911, 0.044385021920866345, 0.044899410667987194]
  distortion_model: radtan
  intrinsics: [136.72302136092787, 138.0543350751693, 179.24296775489427, 139.72786505895616]
  resolution: [320, 240]
  rostopic: /cam_0_0/compressed
