cam0:
  cam_overlaps: [1]
  camera_model: pinhole
  distortion_coeffs: [0.018283865354249983, -0.017190416643384433, 0.004236152877199975, -0.05789234965486488]
  distortion_model: radtan
  intrinsics: [137.46209947789185, 141.21513614196016, 141.4528965553677, 121.88200459861245]
  resolution: [320, 240]
  rostopic: /cam_2_1/compressed
cam1:
  T_cn_cnm1:
  - [0.9962581087076339, 0.02793958031975474, -0.08178728926819505, -0.17711537210580497]
  - [-0.02833913606347648, 0.9995914130114154, -0.0037283241560664288, 0.016267429309368798]
  - [0.08164970423375216, 0.006032154291206029, 0.9966428341753845, -0.007299718207262488]
  - [0.0, 0.0, 0.0, 1.0]
  cam_overlaps: [0]
  camera_model: pinhole
  distortion_coeffs: [0.03258967911662696, -0.010565478253404773, -0.0471879048310014, 0.024948476423634913]
  distortion_model: radtan
  intrinsics: [137.52483962901536, 136.90664988517665, 175.98840399418228, 100.40946196045309]
  resolution: [320, 240]
  rostopic: /cam_3_0/compressed
